  1 1 100 95 100
  1 2 100 95 100
  1 3 100 95 100
  1 4 100 95 100
  1 5 100 95 100
  1 6 100 95 100
  1 7 100 95 100
  1 8 100 95 100
  1 9 100 95 100
  1 10 100 95 100
  1 11 100 95 100
  1 12 100 95 100
  1 13 100 95 100
  1 14 100 95 100
  1 15 100 95 100
  1 16 100 95 100
  1 17 100 95 100
  1 18 100 95 100
  1 19 100 95 100
  1 20 100 95 100
  1 21 100 95 100
  1 22 100 95 100
  1 23 100 95 100
  1 24 100 95 100
  1 25 100 95 100
  1 26 100 95 100
  1 27 100 95 100
  1 28 100 95 100
  1 29 100 95 100
  1 30 100 95 100
  1 31 100 95 100
  1 32 100 95 100
  1 33 100 95 100
  1 34 100 95 100
  1 35 100 95 100
  1 36 100 95 100
  1 37 100 95 100
  1 38 100 95 100
  1 39 100 95 100
  1 40 100 95 100
  1 41 100 95 100
  1 42 100 95 100
  1 43 100 95 100
  1 44 100 95 100
  1 45 100 95 100
  1 46 100 95 100
  1 47 100 95 100
  1 48 100 95 100
  1 49 100 95 100
  1 50 100 95 100
  1 51 100 95 100
  1 52 100 95 100
  1 53 100 95 100
  1 54 100 95 100
  1 55 100 95 100
  1 56 100 95 100
  1 57 100 95 100
  1 58 100 95 100
  1 59 100 95 100
  1 60 100 95 100
  1 61 100 95 100
  1 62 100 95 100
  1 63 100 95 100
  1 64 100 95 100
  1 65 100 95 100
  1 66 100 95 100
  1 67 100 95 100
  1 68 100 95 100
  1 69 100 95 100
  1 70 100 95 100
  1 71 100 95 100
  1 72 100 95 100
  1 73 100 95 100
  1 74 100 95 100
  1 75 100 95 100
  1 76 100 95 100
  1 77 100 95 100
  1 78 100 95 100
  1 79 100 95 100
  1 80 100 95 100
  1 81 100 95 100
  1 82 100 95 100
  1 83 100 95 100
  1 84 100 95 100
  1 85 100 95 100
  1 86 100 95 100
  1 87 100 95 100
  1 88 100 95 100
  1 89 100 95 100
  1 90 100 95 100
  1 91 100 95 100
  1 92 100 95 100
  1 93 100 95 100
  1 94 100 95 100
  1 95 100 95 100
  1 96 100 95 100
  1 97 100 95 100
  1 98 100 95 100
  1 99 100 95 100
  1 100 100 95 100
